# Created by Octave 4.4.1, Mon Oct 08 17:58:17 2018 GMT <unknown@DESKTOP-FOODU5I>
# name: vocabList
# type: scalar struct
# ndims: 2
 1 1
# length: 533
# name: you
# type: scalar
1160


# name: ar
# type: scalar
349


# name: receiv
# type: scalar
166


# name: thi
# type: scalar
602


# name: becaus
# type: scalar
62


# name: have
# type: scalar
411


# name: an
# type: scalar
176


# name: interest
# type: scalar
48


# name: in
# type: scalar
870


# name: inform
# type: scalar
135


# name: about
# type: scalar
111


# name: onlin
# type: scalar
36


# name: busi
# type: scalar
81


# name: opportun
# type: scalar
38


# name: if
# type: scalar
295


# name: is
# type: scalar
687


# name: then
# type: scalar
89


# name: pleas
# type: scalar
136


# name: my
# type: scalar
224


# name: most
# type: scalar
69


# name: a
# type: scalar
1230


# name: on
# type: scalar
692


# name: time
# type: scalar
148


# name: mail
# type: scalar
291


# name: so
# type: scalar
170


# name: no
# type: scalar
165


# name: remov
# type: scalar
96


# name: ve
# type: scalar
37


# name: been
# type: scalar
66


# name: and
# type: scalar
1262


# name: back
# type: scalar
30


# name: by
# type: scalar
231


# name: market
# type: scalar
51


# name: read
# type: scalar
51


# name: it
# type: scalar
590


# name: could
# type: scalar
64


# name: be
# type: scalar
468


# name: the
# type: scalar
2243


# name: import
# type: scalar
27


# name: that
# type: scalar
522


# name: ha
# type: scalar
198


# name: ever
# type: scalar
37


# name: your
# type: scalar
619


# name: for
# type: scalar
715


# name: peopl
# type: scalar
151


# name: to
# type: scalar
1820


# name: number
# type: scalar
4614


# name: year
# type: scalar
83


# name: of
# type: scalar
1139


# name: cost
# type: scalar
32


# name: thousand
# type: scalar
21


# name: their
# type: scalar
91


# name: friend
# type: scalar
28


# name: work
# type: scalar
130


# name: compani
# type: scalar
65


# name: few
# type: scalar
36


# name: who
# type: scalar
77


# name: earn
# type: scalar
29


# name: monei
# type: scalar
100


# name: not
# type: scalar
270


# name: go
# type: scalar
69


# name: tell
# type: scalar
31


# name: real
# type: scalar
21


# name: there
# type: scalar
131


# name: someon
# type: scalar
37


# name: through
# type: scalar
45


# name: here
# type: scalar
110


# name: s
# type: scalar
342


# name: good
# type: scalar
49


# name: new
# type: scalar
123


# name: t
# type: scalar
250


# name: need
# type: scalar
81


# name: see
# type: scalar
75


# name: incom
# type: scalar
35


# name: than
# type: scalar
76


# name: think
# type: scalar
44


# name: with
# type: scalar
420


# name: i
# type: scalar
884


# name: d
# type: scalar
81


# name: like
# type: scalar
139


# name: send
# type: scalar
159


# name: will
# type: scalar
273


# name: why
# type: scalar
34


# name: doesn
# type: scalar
25


# name: someth
# type: scalar
35


# name: ll
# type: scalar
47


# name: wonder
# type: scalar
24


# name: befor
# type: scalar
43


# name: follow
# type: scalar
61


# name: up
# type: scalar
133


# name: call
# type: scalar
69


# name: email
# type: scalar
229


# name: address
# type: scalar
143


# name: onli
# type: scalar
137


# name: us
# type: scalar
345


# name: free
# type: scalar
203


# name: life
# type: scalar
48


# name: chang
# type: scalar
76


# name: click
# type: scalar
99


# name: repli
# type: scalar
35


# name: type
# type: scalar
58


# name: subject
# type: scalar
72


# name: box
# type: scalar
34


# name: get
# type: scalar
189


# name: within
# type: scalar
66


# name: hour
# type: scalar
26


# name: just
# type: scalar
146


# name: look
# type: scalar
79


# name: word
# type: scalar
54


# name: p
# type: scalar
37


# name: recent
# type: scalar
20


# name: sent
# type: scalar
44


# name: me
# type: scalar
92


# name: financi
# type: scalar
28


# name: believ
# type: scalar
33


# name: feel
# type: scalar
21


# name: same
# type: scalar
28


# name: wai
# type: scalar
75


# name: onc
# type: scalar
28


# name: never
# type: scalar
30


# name: spam
# type: scalar
24


# name: sign
# type: scalar
28


# name: our
# type: scalar
210


# name: list
# type: scalar
266


# name: form
# type: scalar
42


# name: or
# type: scalar
342


# name: link
# type: scalar
58


# name: page
# type: scalar
85


# name: e
# type: scalar
208


# name: system
# type: scalar
38


# name: which
# type: scalar
117


# name: state
# type: scalar
68


# name: mai
# type: scalar
64


# name: also
# type: scalar
110


# name: member
# type: scalar
33


# name: comput
# type: scalar
44


# name: mani
# type: scalar
43


# name: servic
# type: scalar
83


# name: as
# type: scalar
293


# name: such
# type: scalar
31


# name: when
# type: scalar
82


# name: would
# type: scalar
81


# name: messag
# type: scalar
82


# name: irish
# type: scalar
29


# name: linux
# type: scalar
78


# name: user
# type: scalar
66


# name: group
# type: scalar
78


# name: emailaddr
# type: scalar
285


# name: httpaddr
# type: scalar
368


# name: un
# type: scalar
32


# name: subscript
# type: scalar
34


# name: maintain
# type: scalar
36


# name: ship
# type: scalar
30


# name: order
# type: scalar
198


# name: dai
# type: scalar
125


# name: now
# type: scalar
122


# name: until
# type: scalar
29


# name: save
# type: scalar
56


# name: dollarnumb
# type: scalar
350


# name: some
# type: scalar
85


# name: again
# type: scalar
44


# name: protect
# type: scalar
22


# name: thei
# type: scalar
108


# name: return
# type: scalar
37


# name: home
# type: scalar
49


# name: from
# type: scalar
356


# name: legal
# type: scalar
37


# name: great
# type: scalar
32


# name: come
# type: scalar
50


# name: noth
# type: scalar
29


# name: more
# type: scalar
130


# name: product
# type: scalar
45


# name: join
# type: scalar
35


# name: effect
# type: scalar
27


# name: safe
# type: scalar
20


# name: what
# type: scalar
128


# name: citi
# type: scalar
29


# name: live
# type: scalar
40


# name: tv
# type: scalar
22


# name: problem
# type: scalar
47


# name: u
# type: scalar
23


# name: todai
# type: scalar
50


# name: find
# type: scalar
56


# name: all
# type: scalar
253


# name: avail
# type: scalar
41


# name: can
# type: scalar
285


# name: even
# type: scalar
50


# name: these
# type: scalar
75


# name: long
# type: scalar
32


# name: while
# type: scalar
27


# name: well
# type: scalar
42


# name: don
# type: scalar
82


# name: seem
# type: scalar
23


# name: ani
# type: scalar
131


# name: answer
# type: scalar
39


# name: wait
# type: scalar
25


# name: visit
# type: scalar
41


# name: web
# type: scalar
72


# name: below
# type: scalar
54


# name: take
# type: scalar
61


# name: respons
# type: scalar
37


# name: own
# type: scalar
42


# name: secur
# type: scalar
35


# name: site
# type: scalar
198


# name: person
# type: scalar
65


# name: right
# type: scalar
50


# name: them
# type: scalar
104


# name: unit
# type: scalar
27


# name: purchas
# type: scalar
28


# name: valu
# type: scalar
24


# name: we
# type: scalar
265


# name: everi
# type: scalar
72


# name: card
# type: scalar
64


# name: ask
# type: scalar
33


# name: question
# type: scalar
63


# name: help
# type: scalar
67


# name: two
# type: scalar
24


# name: make
# type: scalar
149


# name: fax
# type: scalar
40


# name: credit
# type: scalar
65


# name: zip
# type: scalar
23


# name: code
# type: scalar
34


# name: must
# type: scalar
32


# name: bill
# type: scalar
21


# name: process
# type: scalar
32


# name: check
# type: scalar
60


# name: name
# type: scalar
108


# name: countri
# type: scalar
44


# name: month
# type: scalar
123


# name: signatur
# type: scalar
52


# name: note
# type: scalar
28


# name: differ
# type: scalar
37


# name: out
# type: scalar
179


